<?xml version="1.0"?>
<opencv_storage>
<Homography type_id="opencv-matrix">
  <rows>3</rows>
  <cols>3</cols>
  <dt>d</dt>
  <data>
    3.1458251624789685e-01 2.8026148560304875e-01
    -3.0395129255056322e+01 3.7591698884474369e-02
    7.0567086552560132e-01 -2.7269986801684645e+01
    1.3806611875206366e-04 1.6415130160214197e-03 1.</data></Homography>
</opencv_storage>
